"","I0A","I0B","I0C","I4","I5","I6","I7","I8","I9","A1C","A1E","A1F0","A1F1","A1F2","A1M","A1O","A2C","A2E","A2F0","A2F1","A2F2","A2M","A3C","A3E","A3F0","A3F1","A3F2","A3M","A3O","A4C","A4E","A4F0","A4F1","A4M","A4O","A5C","A5E","A5F0","A5F1","A5M","A5O","B1C","B1E","B1F0","B1F1","B1F2","B1F3","B1F4","B1F5","B1M","B1O","B2C","B2E","B2F0","B2F1","B2F2","B2F3","B2F4","B2F5","B2M","B2O","B3C","B3E","B3F0","B3F1","B3F2","B3F3","B3F4","B3F5","B3M","B3O","B4C","B4E","B4F0","B4F1","B4M","B4O","B5C","B5E","B5F0","B5F1","B5M","B5O"
"I0A",0,0.0360257312809288,0.0351592479819166,0.0478208965423261,0.0527847174907858,0.0993833886538842,0.336574401648747,0.639693910532653,0.786194666082496,0.441500188524434,0.404395661926594,0.0400868187838083,0.44159087336318,0.381072865903529,0.419572504502453,0.565922564842992,0.835511368871032,0.851076694481409,0.0574999168345148,0.731085183877141,0.812087202134032,0.605208630901747,0.802375894867878,0.818050506289725,0.040738422475456,0.594371920457793,0.772125596089179,0.815021712970126,0.808243748939381,0.841493825424115,0.501271924086706,0.121371100019628,0.789788572117748,0.777478900778593,0.865359301305835,0.665150928866155,0.848260525020251,0.0327816737252007,0.597523280973985,0.811231847918327,0.859697664579097,0.605453372065533,0.605298882209697,0.0343926079729942,0.580611337996919,0.643928248365569,0.597997444566878,0.640417760441492,0.612599447271735,0.60044497917025,0.642961881997575,0.771985559056994,0.774011677095229,0.0360205030509309,0.472328805710977,0.814295096860144,0.810509572474544,0.814092593001759,0.773234097074239,0.773539898907832,0.783327678750493,0.752137213608765,0.750336427972161,0.0350977124401717,0.0829200005406636,0.745766887300062,0.791737166781176,0.762764151931579,0.74054399330363,0.751474996751373,0.760074856918142,0.600587093488693,0.769580536700613,0.0361827672343064,0.614391016537874,0.130157409317853,0.846386520655392,0.121346385015091,0.595476897832027,0.0370698226617885,0.28950260473264,0.512824298684793,0.428095693212048
"I0B",0.0360257312809288,0,0.03254268329232,0.0514195752675328,0.056150850373672,0.10006136154795,0.337610873827654,0.635719260132348,0.78637337975126,0.441162555045474,0.405315676359185,0.0364033256098096,0.439672012699138,0.38157391309677,0.420836791554862,0.564097191407701,0.836215364259085,0.851994453620768,0.0556809556837121,0.731144304875893,0.812859167539741,0.604601085238643,0.802299335692616,0.81830205663796,0.038912376419633,0.597461234003471,0.774828994538645,0.815696826787257,0.808123808555029,0.842059182664253,0.50240325482485,0.119240950906479,0.789921173759013,0.781216688772236,0.865498539786219,0.668088416430874,0.850453692713479,0.031438784976725,0.598142110570548,0.813230789324413,0.861978696878197,0.608115910833095,0.608064767895392,0.0314928561468503,0.583905096689853,0.647218927308961,0.6015513516544,0.643814736090913,0.615284953762014,0.603382236956157,0.644556237829173,0.773882968785983,0.776021409851365,0.031107676049146,0.472195412400729,0.814818622754819,0.810797558468767,0.8146993364262,0.774856379699391,0.775588528434386,0.78521297113646,0.750741982463984,0.74762452785691,0.0335625121796934,0.0805230839944335,0.744501093117755,0.792039217931625,0.763447022315891,0.739412170564142,0.748858836351511,0.7594783486307,0.601839393253519,0.77181035214186,0.0336055677070444,0.614579119567801,0.130337562754327,0.847610935661799,0.12358129285074,0.597221344579282,0.0325710734482864,0.292767425094939,0.513890252256538,0.434294572188477
"I0C",0.0351592479819166,0.03254268329232,0,0.0485678662436248,0.0546379972566046,0.0994845703230422,0.335973335827204,0.637408390563359,0.786063248042426,0.440133561490496,0.403103034789423,0.0390990462325273,0.43819522862514,0.379823909691899,0.418025372672423,0.564719440312444,0.833923531575261,0.850610591217675,0.0547651829076956,0.729345443188128,0.81234090938808,0.605486162848455,0.80232368105486,0.817661154087009,0.0377351930709809,0.596594908384401,0.774310984961722,0.814765030279196,0.808790010502012,0.843314727297454,0.498964370542988,0.117582592138845,0.788527721889741,0.780558167295674,0.868256634472551,0.667416708038848,0.849820911524011,0.0296657810338468,0.59843608386034,0.812485049796509,0.861191166065157,0.605586254731304,0.606015205642633,0.0320600506204779,0.578952507353681,0.644210713209407,0.599526765840411,0.641258545339266,0.612875682262731,0.601412412555997,0.642536188750136,0.771517084458679,0.775873097457767,0.0314310875478807,0.468585251422662,0.811520292181523,0.807087065267843,0.811328217218968,0.772913651014326,0.775165548626867,0.783771501013438,0.749825241113976,0.74847367893179,0.0345601883175661,0.0803788896506673,0.743474881168084,0.790083222876087,0.761058057574595,0.738262474467733,0.749684189959951,0.757305884518129,0.601083138052955,0.772385841271211,0.0328815356195245,0.61672228608491,0.127750209740461,0.846867943829256,0.121725306203837,0.595458177729118,0.0335226575608063,0.292936191744919,0.513710742818881,0.430277414445257
"I4",0.0478208965423261,0.0514195752675328,0.0485678662436248,0,0.0339178708596629,0.0954062542014575,0.335087905869566,0.64108709746885,0.789360783205121,0.444279953024176,0.408065729749268,0.0491946796771032,0.444315499402503,0.38576215229146,0.422049166151278,0.566175592054484,0.832704430555398,0.851386687575709,0.0657480997680033,0.73411426350177,0.813825217685085,0.604398643135986,0.803447662119413,0.819292560738482,0.0480540984176466,0.596384717410223,0.773616241049708,0.816663463716976,0.810669498160532,0.842896744270757,0.501027070869978,0.124549710865387,0.787596592372514,0.778449791519837,0.86619023973436,0.668679118851176,0.849560905881245,0.0418417694213248,0.59894811966481,0.812115986416857,0.859063945865529,0.607828653428094,0.607575234306912,0.0453324865164817,0.580096859635726,0.642227406921091,0.598619898879836,0.639913064577595,0.614845836908701,0.602439486097627,0.64600685819685,0.773784058859306,0.778704765789909,0.046357653713953,0.467534167607622,0.811733763712975,0.807791310362991,0.811988324233522,0.774702025469321,0.778244086764505,0.785709803843354,0.751016474334158,0.747422882703387,0.045145635716367,0.0867308771775663,0.742805380203382,0.791721057427183,0.762960954065792,0.739149360846371,0.748474049208018,0.759985597451557,0.602318346667428,0.77354866426924,0.0480390757451025,0.617481020140555,0.132606570529593,0.847504038493804,0.124190701884604,0.59321476710289,0.0465919210745241,0.289484159772298,0.509182980583504,0.429488135345314
"I5",0.0527847174907858,0.056150850373672,0.0546379972566046,0.0339178708596629,0,0.0991594203776227,0.334939744191009,0.64220056594701,0.78920572649338,0.44326111036268,0.406128972334332,0.0556947182004434,0.448052329770017,0.387293477576894,0.420191099867935,0.567036731126984,0.829999333982052,0.850022096339822,0.0700496638344768,0.733822904007646,0.813009869378141,0.603715207284904,0.80367035983982,0.820322655257139,0.0532321684190696,0.591606921450807,0.771147702318344,0.817445622079399,0.810605974862125,0.84295705946931,0.500828726001144,0.124685243297071,0.784998831744677,0.780631191449993,0.865657623868162,0.669417161559867,0.850671095151884,0.0491444477660265,0.601013618059755,0.812029317850258,0.859885555718459,0.607258728463701,0.606957651135486,0.0522539829769985,0.579906721500726,0.643337315065741,0.598540415165364,0.640720821840458,0.614148948825617,0.601941699522627,0.644921221316247,0.771441666435899,0.77493411454576,0.0533280656324923,0.468709287623231,0.81110799201416,0.807477748392635,0.811282980466502,0.772330488192031,0.774595737827747,0.783213836562896,0.751782925151396,0.749637480813144,0.0511788906481955,0.0907159628330084,0.743389363591787,0.791141677685127,0.762683162923941,0.740049693300443,0.750214989408378,0.760611680725387,0.602295650200654,0.775674893205182,0.0536798431331602,0.617456510972273,0.137481141381836,0.847695030453561,0.123900899757863,0.592612914154445,0.0537830347367705,0.28985505215046,0.510306428007623,0.430899240940015
"I6",0.0993833886538842,0.10006136154795,0.0994845703230422,0.0954062542014575,0.0991594203776227,0,0.34245397980486,0.644619138553305,0.794057445629086,0.448742722315187,0.407501979011184,0.0929021325417176,0.45241717207829,0.390316401528624,0.421758279080421,0.57145773248338,0.838441394776212,0.854229309602675,0.105670273689787,0.733686868924659,0.815163198848978,0.608984623157344,0.8043214553902,0.821777895004221,0.0954331734138282,0.59907014798092,0.774297668048601,0.819093745410308,0.811361969100412,0.844234777229258,0.519561491880394,0.142622553224564,0.785917821862413,0.778402976049047,0.86819182492152,0.668158480564601,0.850451579467222,0.096066555327755,0.601955281643991,0.813660718034998,0.856628148590434,0.609403771798078,0.610259212056336,0.0957956468675831,0.591268362487292,0.640120651384133,0.600648569381158,0.643679284712964,0.619393719460171,0.603923943423307,0.650012924634845,0.772244398773392,0.778003721006023,0.0959954662530547,0.474868502130368,0.811501179304529,0.807637420503996,0.811384538802443,0.773550434869999,0.777431833648264,0.784385036991281,0.755708510072386,0.751664983502396,0.0941289930656337,0.134724582166519,0.75118989620145,0.804154503332161,0.775194533990431,0.746456586640909,0.752585349312057,0.765333834924985,0.603111829171872,0.767803934866656,0.0964946052496666,0.621177788955789,0.152777530212629,0.848354517108726,0.150980803403029,0.594730549715854,0.0950310423662384,0.29871124734761,0.513859557131098,0.431824766659875
"I7",0.336574401648747,0.337610873827654,0.335973335827204,0.335087905869566,0.334939744191009,0.34245397980486,0,0.650008734896367,0.79197190208227,0.529223895982487,0.503370696104764,0.339489075931227,0.518981213112038,0.485814178029955,0.514812210517593,0.642396053685859,0.837174097440335,0.864216238669024,0.344492628973945,0.768238034763847,0.830568118257697,0.643178752825565,0.812197753956411,0.822969057222887,0.337892672662023,0.629563360334295,0.788548892483015,0.819061038159728,0.814592396154342,0.848095074082007,0.569776803971135,0.361913551923892,0.799075522335343,0.781579347631938,0.867741749267788,0.686411020405695,0.845892325128385,0.338580388960097,0.650910526171716,0.825197583595058,0.848866843701509,0.660148152713366,0.656230945754656,0.33720303201745,0.639156040624694,0.690760695901714,0.653856546305238,0.695152203815703,0.675915554014165,0.651654960148031,0.694707957447898,0.797383562861452,0.818467332335575,0.337534740161596,0.529456821882138,0.817231011805985,0.809049315811975,0.817806380620504,0.800002707755509,0.815819871612255,0.808507699871596,0.758190667833535,0.757620016244652,0.338053649705899,0.336683107713113,0.751192679758757,0.802454778128337,0.776412554300259,0.748791894398859,0.757750752442827,0.762085235082864,0.645987021426346,0.828266276896575,0.339697906874994,0.665282834052692,0.346048036692142,0.854444144227809,0.343120177646313,0.639487355571818,0.337681846523223,0.414287064396937,0.566060591224631,0.532921247558588
"I8",0.639693910532653,0.635719260132348,0.637408390563359,0.64108709746885,0.64220056594701,0.644619138553305,0.650008734896367,0,0.820115600278894,0.696030740584639,0.685269299898671,0.640179618753527,0.725980487114917,0.701876001376356,0.698418584127837,0.763379184693273,0.884803132060811,0.887875712587414,0.640693879934285,0.840609204180228,0.884695779255588,0.800102121791285,0.882047706359452,0.882841827284046,0.641724169297818,0.79170345033842,0.881629625891041,0.88629296591153,0.878831929369764,0.873950114676954,0.705068878697507,0.637871908654946,0.841292410429455,0.868102803655219,0.887704048812825,0.82700922988779,0.886140260537976,0.640490617168641,0.77949326416963,0.872767548974369,0.892348188764543,0.756672532903989,0.756855875953153,0.639006002332603,0.764140418984938,0.790339610587661,0.753711332971109,0.780545575801488,0.760154086113594,0.754686260595421,0.766418685632918,0.863996564432629,0.856758461818095,0.638405586470475,0.728814879545967,0.880642149308342,0.871061489006148,0.878204213441599,0.863539753776461,0.856699557918614,0.870860513712296,0.801103713664489,0.773400054521071,0.641893201381992,0.639345145013565,0.782063871413403,0.807430337753109,0.797284729096204,0.783811655347628,0.780099310113894,0.815652066725379,0.783180457825097,0.860918990570031,0.640304206529589,0.795897742369131,0.650862685699877,0.889887686494388,0.651726044967019,0.817313246951491,0.637454624041524,0.686490720962401,0.777006438009107,0.73715263287725
"I9",0.786194666082496,0.78637337975126,0.786063248042426,0.789360783205121,0.78920572649338,0.794057445629086,0.79197190208227,0.820115600278894,0,0.730194236386093,0.778848469210691,0.786416562338623,0.812074463824647,0.779061810677797,0.771148909963732,0.799138887464761,0.894961360825525,0.897590169572086,0.79044913197663,0.888107600430046,0.894726997582759,0.796328781695704,0.859384376088498,0.817392467380716,0.788551231491881,0.852800818401589,0.882633882637731,0.810029055008499,0.88665988048612,0.896245342801827,0.833204572765085,0.788106107080253,0.894261822154915,0.794036198862848,0.87766603670731,0.858912624162058,0.89254625421379,0.787681736283004,0.862356169701946,0.881245717438464,0.894399341177202,0.820140363575002,0.821221508695911,0.786443860941349,0.825047165594734,0.832204638217772,0.819123436706094,0.818466467461616,0.815051107025514,0.823415309786182,0.8255575992802,0.833857259344853,0.817416016054208,0.785891173476756,0.83079160478418,0.867257833217857,0.860452744879538,0.861731601647777,0.850386664952173,0.812018028348684,0.855351204269869,0.863487176464251,0.871806287236093,0.786373020527228,0.788921487804236,0.864614486925136,0.876846502482053,0.867728850401506,0.863100127323049,0.867897049941297,0.858911291557762,0.840711535988456,0.894765459775345,0.785537554463292,0.853895786015623,0.793768739048905,0.893817482744784,0.792978295545931,0.845880649844206,0.785804308833156,0.812057157587855,0.840643196638893,0.830703230586002
"A1C",0.441500188524434,0.441162555045474,0.440133561490496,0.444279953024176,0.44326111036268,0.448742722315187,0.529223895982487,0.696030740584639,0.730194236386093,0,0.230149713805053,0.438911462857792,0.581222108253683,0.260763723181956,0.254192855124738,0.364162288509796,0.84658302910039,0.816864631427617,0.441815762521377,0.735592008166055,0.819214942358369,0.517029929411174,0.851737545566609,0.860074444138821,0.442527419416616,0.708542288938893,0.832353665135496,0.859161584966584,0.845997334227651,0.870046930010627,0.640579434372092,0.452955653988511,0.80754177645361,0.810601377512048,0.884314368318394,0.727237800516876,0.855057233103006,0.441092187930656,0.6530146005386,0.829667073178334,0.857734148687607,0.68634027744209,0.687812779545836,0.437885800403103,0.687386158594709,0.709054203550353,0.690710054472434,0.720506865731907,0.697304517708567,0.682922345880277,0.720442379181763,0.806146961341104,0.814283699048859,0.440042212009185,0.600926404684015,0.831168378580619,0.824854011761031,0.830725383905157,0.810198451887869,0.811907760526866,0.820490789855753,0.785919433000159,0.799706496000808,0.437096368526955,0.440799967067574,0.816973628894375,0.838380890502439,0.814126464566295,0.791358289737339,0.800191530378222,0.78856464204726,0.670790147452013,0.804419886696972,0.438359973357899,0.665209120145952,0.459392852787134,0.851576609761628,0.450062983882782,0.675135067204173,0.438105838109398,0.499178202885597,0.612508745609167,0.608808120342736
"A1E",0.404395661926594,0.405315676359185,0.403103034789423,0.408065729749268,0.406128972334332,0.407501979011184,0.503370696104764,0.685269299898671,0.778848469210691,0.230149713805053,0,0.401145026513505,0.575489607401508,0.247633793559136,0.142304647474834,0.403337512949084,0.835632343658588,0.846552234555671,0.40527721087398,0.739202595195543,0.821488454066585,0.50557521659211,0.848653018030338,0.856495674730329,0.405829671446085,0.688476940286218,0.829659078715629,0.855965485290262,0.847752171591771,0.86936822433235,0.631108185496828,0.414687011622252,0.785561420534127,0.81114775372633,0.884667281995144,0.706632947791471,0.846669720297548,0.4051738329325,0.645873765413185,0.814210462446502,0.84802062912446,0.668553828035013,0.670618705661244,0.401472312513333,0.682406294714129,0.697780954558446,0.67697861919524,0.712373208249351,0.683992704766632,0.665649047147841,0.706525649197091,0.81647962978676,0.819972135526263,0.404145453111462,0.588054912775084,0.840964948785633,0.83529016037175,0.840948383809619,0.819091417970431,0.817973456839136,0.829061701473977,0.777753380445788,0.789119076034655,0.400803415857614,0.40467643114865,0.812918701582768,0.842125550188688,0.815813998219007,0.783674364568547,0.788479960960048,0.78094161292469,0.650410288492181,0.786752328992397,0.401954904867575,0.643910555844185,0.42669265422371,0.840535238227944,0.419147263614796,0.67006434989128,0.402121842745944,0.463470618708761,0.610323161389607,0.571392037794951
"A1F0",0.0400868187838083,0.0364033256098096,0.0390990462325273,0.0491946796771032,0.0556947182004434,0.0929021325417176,0.339489075931227,0.640179618753527,0.786416562338623,0.438911462857792,0.401145026513505,0,0.442529237330955,0.380139803401582,0.416516315762386,0.562075266510282,0.832272471211202,0.85100276601774,0.0541206270600437,0.729166420443009,0.812389839049227,0.605946428833943,0.80317835505342,0.819184198226819,0.0327965837442141,0.595941739157461,0.774584922469793,0.816478125082731,0.809990697714292,0.841504589189493,0.506479972988486,0.110543583519216,0.789127355885917,0.778468916129526,0.864622379688866,0.666484148847259,0.850470115657072,0.0305305767362722,0.595926315016983,0.813531735630071,0.86064425121319,0.60759899138547,0.607105836594489,0.0277135134795563,0.584894837375547,0.646066613790119,0.600723689317882,0.642956409472016,0.61524097581234,0.602242878728222,0.645049397614894,0.775178593108305,0.77743427228301,0.026890323880893,0.472246906095576,0.815329127998277,0.811978897542672,0.815722318989814,0.776066281533128,0.77705080341154,0.786233160035127,0.75145688074439,0.749433618286176,0.0283786674497665,0.0830073294497839,0.747498095158589,0.795421024056455,0.766270181388005,0.741381874037611,0.750751219369429,0.759219900502462,0.600842719047009,0.770086045534575,0.0267334578382757,0.616474823591734,0.128639787216079,0.846518787574817,0.122424563838228,0.596510296718872,0.0289392758322879,0.292797737533572,0.513004631632072,0.431842475518177
"A1F1",0.44159087336318,0.439672012699138,0.43819522862514,0.444315499402503,0.448052329770017,0.45241717207829,0.518981213112038,0.725980487114917,0.812074463824647,0.581222108253683,0.575489607401508,0.442529237330955,0,0.418166005449277,0.585192406724719,0.650658240573372,0.864347201704283,0.874147184234011,0.442541501410877,0.777443511700971,0.81692403876361,0.693278067893458,0.836188796311388,0.847365373432376,0.444069587916092,0.701750305187539,0.827196320426824,0.841698476105944,0.835042896375825,0.865310344872579,0.622260476968665,0.451516051461657,0.815195008944906,0.82399805041861,0.878999750444437,0.698118943294965,0.820248283140156,0.440503452899139,0.651157459575833,0.802131973945506,0.832715459287411,0.675640326434302,0.675463731209352,0.443275965920205,0.681212726183062,0.719242178230433,0.671844622367613,0.712946981662188,0.686786090829709,0.672550990038271,0.704301486060168,0.821322342870495,0.823672140695462,0.442017071960488,0.598500249976533,0.847145048600866,0.844385008903758,0.848036218683018,0.820920025218175,0.822552689412411,0.828438039916661,0.763207065504651,0.763243771801996,0.442896291586887,0.446205471139266,0.775968781020335,0.82349403665827,0.795884083230219,0.764143274333677,0.76840212561699,0.768420047799241,0.655828571400848,0.792171287331364,0.444256754625105,0.700169104078028,0.435976730676796,0.837305684773473,0.455531409480001,0.704076534139801,0.44233654283404,0.500117979399068,0.643649247679949,0.565753116202244
"A1F2",0.381072865903529,0.38157391309677,0.379823909691899,0.38576215229146,0.387293477576894,0.390316401528624,0.485814178029955,0.701876001376356,0.779061810677797,0.260763723181956,0.247633793559136,0.380139803401582,0.418166005449277,0,0.252813295378153,0.43157385888499,0.842469381460983,0.833921160197241,0.382918728796178,0.733514900077432,0.794536543057279,0.52746711028954,0.848644460430286,0.856118053080847,0.384968251860274,0.694948368940132,0.83060712885555,0.852303883214972,0.842627625092765,0.863829913617644,0.614977372727394,0.396979828042585,0.802438607349136,0.808186294656597,0.883641701019229,0.686269999471157,0.830073570204103,0.381999816834085,0.612988778505148,0.804662295125487,0.83333890284681,0.650790854791015,0.65279381721783,0.379622282479766,0.670708489826607,0.685918134936381,0.654754516446231,0.693601298009437,0.664218351665087,0.648049929076129,0.691004121819209,0.804488289346243,0.813792680020493,0.381856029712244,0.560306065042897,0.827326413698906,0.820939458250577,0.827435936725776,0.807266979643606,0.810908681499359,0.820535460188115,0.773045265455649,0.777323108458415,0.378941424467249,0.381447889558923,0.798089242341407,0.836052387436086,0.80751020289994,0.775415283396589,0.778818511122692,0.780223525219199,0.644400201851731,0.787601484218861,0.380244985250742,0.642008524614285,0.391764050224285,0.840860023110755,0.392926914057047,0.655911989964379,0.379487756280353,0.452353897820947,0.587169827637314,0.551369021596302
"A1M",0.419572504502453,0.420836791554862,0.418025372672423,0.422049166151278,0.420191099867935,0.421758279080421,0.514812210517593,0.698418584127837,0.771148909963732,0.254192855124738,0.142304647474834,0.416516315762386,0.585192406724719,0.252813295378153,0,0.412571515591933,0.835104096231359,0.851234298607502,0.420363577495048,0.744769986361159,0.80694755238827,0.4966963231737,0.845114898492159,0.849561923641603,0.421377172169219,0.696320874113547,0.830319436367571,0.847443072592736,0.848080993403565,0.871585698472464,0.640762792013234,0.429023615483086,0.793559781972725,0.812853636182069,0.881977442818296,0.7060396562643,0.853653099901903,0.419862835055941,0.653074467740127,0.821107911250947,0.845139202406232,0.664277150533803,0.666749477588784,0.416226798479593,0.684461605965504,0.688641513635691,0.668762139473368,0.705500873684404,0.679058994089526,0.659849757493076,0.704039157724747,0.819642794627584,0.828596283180841,0.419741807045563,0.593076668743362,0.84033977232204,0.834060916736959,0.841039040791177,0.824068596593913,0.825896277717635,0.835038212991951,0.793652940730834,0.802541932320085,0.416073800388099,0.418797149250171,0.821614007157624,0.848028823248745,0.822767661569171,0.798123460962317,0.801871188312244,0.797777862554705,0.653900775648272,0.796714275964897,0.417239205510703,0.63724405968374,0.437742234933639,0.839893759233668,0.428755349253115,0.666250269888684,0.417258834081118,0.475282568721094,0.608045919293373,0.570943643119291
"A1O",0.565922564842992,0.564097191407701,0.564719440312444,0.566175592054484,0.567036731126984,0.57145773248338,0.642396053685859,0.763379184693273,0.799138887464761,0.364162288509796,0.403337512949084,0.562075266510282,0.650658240573372,0.43157385888499,0.412571515591933,0,0.859838416079695,0.756180950887695,0.562380591540181,0.789543439588765,0.851504995648582,0.564684018644878,0.855801282119124,0.859901204651353,0.565903311455447,0.753578210993322,0.845698804126687,0.856751641095377,0.838359838631929,0.885297784547277,0.714433341308683,0.569027512688931,0.845513081643233,0.8372165112565,0.889018600606961,0.770325627616813,0.866577680857821,0.565107663703263,0.684852160232019,0.845100568852961,0.862813346932501,0.736408296504324,0.732390817170539,0.563415500582484,0.741899140636593,0.75182355000516,0.738380056992045,0.765708321228283,0.750444576877929,0.728412608260002,0.767885116382008,0.819729226252398,0.838964468774288,0.56426394214603,0.664354258181256,0.833388534677405,0.826248156811725,0.83312649290076,0.825108191409153,0.83631656684107,0.833680596203624,0.832600573736324,0.839717155377943,0.562253422403909,0.564320644187058,0.854260132108308,0.863832767698417,0.843127183191091,0.835142171469077,0.838797636237087,0.835784632569943,0.709136372184087,0.834521586604324,0.563406828305699,0.712144716333907,0.576390469504025,0.853826020467697,0.569861461831307,0.715861021663849,0.563612323842805,0.608559143155677,0.674928269912683,0.675022868545758
"A2C",0.835511368871032,0.836215364259085,0.833923531575261,0.832704430555398,0.829999333982052,0.838441394776212,0.837174097440335,0.884803132060811,0.894961360825525,0.84658302910039,0.835632343658588,0.832272471211202,0.864347201704283,0.842469381460983,0.835104096231359,0.859838416079695,0,0.899743157839098,0.835288011866766,0.892411688831656,0.738968940933979,0.885705880019233,0.884002052667592,0.894388520108737,0.833467540458372,0.731731393709826,0.824390595772027,0.893865517897818,0.892980162252084,0.898456726834666,0.871541430169713,0.833544480669239,0.890369592988135,0.892352443683071,0.899654581921874,0.888470401364506,0.897398100157621,0.833897143604474,0.825635208952029,0.891730441989015,0.894823331715236,0.889576105457613,0.890706709994185,0.833068558962052,0.86895471997165,0.888248004990407,0.88981205869874,0.892495523023315,0.887238551260194,0.890754561023807,0.892491614308322,0.873165155236203,0.88763639265037,0.83396862304628,0.846133447532914,0.866430653243923,0.864332161885841,0.868937734755926,0.871940970827353,0.886754453082935,0.877189852706449,0.894904997183344,0.893671122873729,0.833018068710781,0.839055720072002,0.8926524494042,0.897504088533447,0.896074760677114,0.890526434965492,0.893403576008507,0.893914864403425,0.865694062004879,0.897461243755906,0.8311365459071,0.87381877887955,0.843332976451695,0.894895642190373,0.834934519777905,0.869830596663696,0.8330976078032,0.849626329363706,0.864366840700193,0.839307129286573
"A2E",0.851076694481409,0.851994453620768,0.850610591217675,0.851386687575709,0.850022096339822,0.854229309602675,0.864216238669024,0.887875712587414,0.897590169572086,0.816864631427617,0.846552234555671,0.85100276601774,0.874147184234011,0.833921160197241,0.851234298607502,0.756180950887695,0.899743157839098,0,0.845572570314516,0.829387201067426,0.897550191415577,0.833831125411629,0.895469337152471,0.896787533700383,0.850563768243616,0.844440495538062,0.896783109640377,0.897605669542096,0.891989583897139,0.896905476100201,0.842485092916761,0.854506118817075,0.896787285895161,0.897429759308138,0.8992384264917,0.89318125286077,0.898019570651059,0.850323874338621,0.859448556867761,0.896628437756475,0.899504405747757,0.885122154349813,0.886585996780481,0.850321955917702,0.852345792785473,0.890809548647499,0.88593646170268,0.887873199464951,0.885709248898471,0.886122357336018,0.884538305795373,0.891479283663028,0.893429611343356,0.852133267284805,0.87926965101748,0.893857764867379,0.888829298912607,0.89438552661951,0.891836242268184,0.893693536718737,0.891233842877265,0.874893380971011,0.879572598118925,0.849723499812666,0.847107363094274,0.866257352181419,0.860982266635372,0.850087376881741,0.868228223237675,0.878138660031001,0.874108763190126,0.874228736871969,0.899180562601097,0.850657154274182,0.880399482037538,0.853570372301838,0.898134142591604,0.850862329774205,0.894243283723614,0.851644395143125,0.863074502804367,0.876687742357806,0.848533120128128
"A2F0",0.0574999168345148,0.0556809556837121,0.0547651829076956,0.0657480997680033,0.0700496638344768,0.105670273689787,0.344492628973945,0.640693879934285,0.79044913197663,0.441815762521377,0.40527721087398,0.0541206270600437,0.442541501410877,0.382918728796178,0.420363577495048,0.562380591540181,0.835288011866766,0.845572570314516,0,0.730484141145935,0.816118571797745,0.608023890961634,0.805493497994039,0.820695697675888,0.0573390117547016,0.60032325514269,0.77787655676267,0.818165390278835,0.810426614393713,0.841380869006937,0.504446108948398,0.124113714709606,0.787175326590736,0.781988335166796,0.867254684648747,0.665422720723416,0.847310464294402,0.0514697491420967,0.595688324617315,0.810683461163894,0.857375680391273,0.608770258799115,0.607871210026934,0.0512025764888408,0.583160693671848,0.647202021837881,0.602009230914768,0.644450063665525,0.616343279522867,0.603060872710535,0.64560440609934,0.773347118631149,0.776303938878152,0.0517521225486569,0.471434329145828,0.81385678285319,0.810619286641685,0.814330625149565,0.774456485665958,0.775749765985296,0.784363867578988,0.750576875717333,0.749133110891869,0.0535093477379587,0.0897270354556629,0.746307309310113,0.793817631600872,0.764866483007458,0.740664533995593,0.750510981437411,0.75841885716596,0.600596250070846,0.768357294023783,0.0516684674801389,0.610977594565471,0.133787016244858,0.846072729571426,0.128682482332069,0.595579578371422,0.0525219555026317,0.301651318987166,0.513526438789517,0.429191325001063
"A2F1",0.731085183877141,0.731144304875893,0.729345443188128,0.73411426350177,0.733822904007646,0.733686868924659,0.768238034763847,0.840609204180228,0.888107600430046,0.735592008166055,0.739202595195543,0.729166420443009,0.777443511700971,0.733514900077432,0.744769986361159,0.789543439588765,0.892411688831656,0.829387201067426,0.730484141145935,0,0.865221890435111,0.782272459823292,0.810396326002651,0.816908697160182,0.728289049009463,0.811427121010115,0.845094358066138,0.823843749150406,0.825176467902471,0.854270605600995,0.795141355380614,0.736464037792667,0.808569256232078,0.889196468385091,0.894827618890793,0.865356477905714,0.889830767450525,0.730348671886658,0.790607601360173,0.88364767796951,0.89503101480374,0.823995333059363,0.822315246937241,0.729356892339865,0.816340402470298,0.837820276327379,0.823473464263533,0.843034591322027,0.833395115344352,0.821332674127952,0.841873610048739,0.867627828478052,0.86723827423284,0.730055773228094,0.783470569823338,0.883425757447607,0.88419038653815,0.884494524897088,0.872020961557469,0.867252809551384,0.869816481900515,0.85950945995188,0.863817171911819,0.72975742928677,0.72838953604624,0.865566567343731,0.877814772936741,0.869049807621339,0.860787498933926,0.861575911798527,0.857670931902024,0.820883586899774,0.872770613422158,0.72930579580739,0.825168493469226,0.733270075582277,0.890508308737506,0.732858136107568,0.806622631993975,0.728262754347208,0.746599818415737,0.758799260383834,0.778393637169119
"A2F2",0.812087202134032,0.812859167539741,0.81234090938808,0.813825217685085,0.813009869378141,0.815163198848978,0.830568118257697,0.884695779255588,0.894726997582759,0.819214942358369,0.821488454066585,0.812389839049227,0.81692403876361,0.794536543057279,0.80694755238827,0.851504995648582,0.738968940933979,0.897550191415577,0.816118571797745,0.865221890435111,0,0.878865823340838,0.864791902552029,0.89628125482072,0.812586447039474,0.730506830451938,0.767688343194666,0.893622053463294,0.892994361467938,0.864399684530323,0.845763489226681,0.812933934819408,0.890923907483903,0.868981290899435,0.897099565391714,0.865459788075058,0.896454783297569,0.811075819323678,0.815964836385063,0.889939675873187,0.897730959584441,0.853816152596362,0.855853704352878,0.812072662834605,0.863074416907373,0.85081237100001,0.856884639845511,0.865783063888887,0.847443415829511,0.855745611417573,0.856977782883816,0.879280474527651,0.876809296795533,0.811995006262917,0.839151457886522,0.877658272021562,0.883552820008753,0.885019967450513,0.874131262667908,0.87527923552224,0.887102885113847,0.889915997549494,0.889121910680788,0.811929309918582,0.818516235237366,0.88907075329432,0.892387847271544,0.888527070298519,0.878937245579573,0.889210473123033,0.890101144048754,0.846446026630091,0.88035559129419,0.810622019108711,0.800849932593392,0.815846121953558,0.893521048365817,0.81029343369848,0.860256417390933,0.811171004696212,0.83232537442213,0.840678350012289,0.82685468848463
"A2M",0.605208630901747,0.604601085238643,0.605486162848455,0.604398643135986,0.603715207284904,0.608984623157344,0.643178752825565,0.800102121791285,0.796328781695704,0.517029929411174,0.50557521659211,0.605946428833943,0.693278067893458,0.52746711028954,0.4966963231737,0.564684018644878,0.885705880019233,0.833831125411629,0.608023890961634,0.782272459823292,0.878865823340838,0,0.834770111904994,0.833480243502856,0.605941499145738,0.769532717823124,0.840336963753647,0.824958170739798,0.804766079211309,0.886622086135689,0.720733697084352,0.615945716196217,0.854340642972519,0.857744046987416,0.887264305850988,0.777461021229752,0.858098071691483,0.606256076099381,0.740446227692933,0.841609651420951,0.853495835632005,0.758815916348077,0.76068393921085,0.603994751927585,0.751111272431763,0.775679755453921,0.766915957668363,0.791330198792492,0.779504483325975,0.755504870103761,0.792107671118434,0.816323050138317,0.850956883457329,0.607005541941257,0.653278049076885,0.811564946887455,0.800523791411295,0.809382804760728,0.817780183754386,0.848419265867872,0.830462581026151,0.825159657203683,0.829355344528255,0.604192481003989,0.603941828394116,0.845842170666093,0.85748392009578,0.842810720164282,0.82311522707152,0.823664006401985,0.831519649478119,0.698190811076208,0.829268296867369,0.605507344762671,0.741661133325018,0.609198734814772,0.81215799364287,0.615313099270536,0.750852378960634,0.606113228379496,0.641103420398587,0.717059106341701,0.713166941488479
"A3C",0.802375894867878,0.802299335692616,0.80232368105486,0.803447662119413,0.80367035983982,0.8043214553902,0.812197753956411,0.882047706359452,0.859384376088498,0.851737545566609,0.848653018030338,0.80317835505342,0.836188796311388,0.848644460430286,0.845114898492159,0.855801282119124,0.884002052667592,0.895469337152471,0.805493497994039,0.810396326002651,0.864791902552029,0.834770111904994,0,0.204624031051615,0.801865538641255,0.769994568752057,0.614726248794387,0.246971693397489,0.374854230967933,0.898359216363032,0.834692929046957,0.81024721110463,0.886352984049419,0.876635882840581,0.893297349524061,0.865565467132682,0.886592081105954,0.80359192340501,0.834922316539314,0.881991729144814,0.895262608625312,0.790789347369759,0.786297219194612,0.80313480658023,0.833595183624203,0.806983095905923,0.790923822718464,0.812087541022414,0.812053077627668,0.779948279466624,0.824637319917267,0.873108468925373,0.8801490980507,0.802913648385785,0.834460487690355,0.879241855974638,0.884185548966922,0.884797475688966,0.875445327996233,0.876143127176024,0.877030749146107,0.875086064094336,0.876712771364117,0.803786183155201,0.80448222816998,0.885170051935344,0.887532991842586,0.874920795747995,0.87254982207573,0.873884710529773,0.873580660953034,0.83138406930441,0.868996275630955,0.802361466854649,0.858460714572053,0.793237356047748,0.888884181475967,0.810493372299743,0.868546552161141,0.802675947380308,0.810833868994434,0.851747680865918,0.843573852133646
"A3E",0.818050506289725,0.81830205663796,0.817661154087009,0.819292560738482,0.820322655257139,0.821777895004221,0.822969057222887,0.882841827284046,0.817392467380716,0.860074444138821,0.856495674730329,0.819184198226819,0.847365373432376,0.856118053080847,0.849561923641603,0.859901204651353,0.894388520108737,0.896787533700383,0.820695697675888,0.816908697160182,0.89628125482072,0.833480243502856,0.204624031051615,0,0.817887329733795,0.85279783053363,0.725246863070567,0.106126931344469,0.388536746453308,0.897618643363025,0.844370904272598,0.827468834999157,0.894586793268632,0.885956931445825,0.893100036655111,0.864571997037397,0.880622566553185,0.820136227999548,0.849107585061049,0.877307617527779,0.890632353827119,0.805925581597152,0.800293947220986,0.818536265933711,0.843281484425375,0.822024182709615,0.805186968719984,0.824327077367795,0.826371508931408,0.795321468423338,0.837684122634269,0.879947267397801,0.882222941530488,0.818777921063934,0.848978282871883,0.887796657160607,0.891562568496967,0.891684159898756,0.882727341293804,0.878612028235984,0.882854397425915,0.884448935215974,0.884010133337628,0.819169730470157,0.820095856375476,0.884958423203792,0.89119238497986,0.881562872353218,0.883091767979158,0.879979131401315,0.885466381924067,0.841219950432272,0.863739118531535,0.818280348467254,0.866383296705653,0.809190400675158,0.891646718482753,0.824836133697235,0.875454922290432,0.818710726396727,0.827146242382715,0.857214907606038,0.848202444865514
"A3F0",0.040738422475456,0.038912376419633,0.0377351930709809,0.0480540984176466,0.0532321684190696,0.0954331734138282,0.337892672662023,0.641724169297818,0.788551231491881,0.442527419416616,0.405829671446085,0.0327965837442141,0.444069587916092,0.384968251860274,0.421377172169219,0.565903311455447,0.833467540458372,0.850563768243616,0.0573390117547016,0.728289049009463,0.812586447039474,0.605941499145738,0.801865538641255,0.817887329733795,0,0.592246514198601,0.770288025858299,0.815247475991473,0.808554602709208,0.841156717574158,0.503924331947868,0.107852917270999,0.788715824822885,0.779597455185495,0.865617717593127,0.666538478608828,0.849784759710483,0.0317300755683196,0.596795896938682,0.81288362391662,0.860886401587368,0.607345581242438,0.60735005198195,0.0305036062729062,0.584907115702578,0.646410251943426,0.600810201258248,0.643895229255029,0.615431287995814,0.602564266368575,0.644258786428903,0.770727488858604,0.77287044336762,0.0289091635086891,0.471909857657522,0.812891594418656,0.809744858794895,0.812945824952225,0.772314135413775,0.772589045008792,0.781889338226278,0.750284773607325,0.748157916822948,0.0323393451048409,0.0796042026054151,0.746263735328687,0.794090100947375,0.764960380346316,0.739834756280503,0.749487902104383,0.758140206984623,0.601725849923181,0.77173174421779,0.0316177913987434,0.616653011495194,0.131577687465735,0.847264063487406,0.123467794471789,0.594385669093179,0.0317007987952933,0.292066916803309,0.511801486251406,0.427891418159758
"A3F1",0.594371920457793,0.597461234003471,0.596594908384401,0.596384717410223,0.591606921450807,0.59907014798092,0.629563360334295,0.79170345033842,0.852800818401589,0.708542288938893,0.688476940286218,0.595941739157461,0.701750305187539,0.694948368940132,0.696320874113547,0.753578210993322,0.731731393709826,0.844440495538062,0.60032325514269,0.811427121010115,0.730506830451938,0.769532717823124,0.769994568752057,0.85279783053363,0.592246514198601,0,0.393105587024511,0.848102981902108,0.847255649347951,0.875600196596083,0.711452234853173,0.59525524212728,0.836635989397412,0.799888910720013,0.884821573358656,0.806335510993134,0.882695135879374,0.595210536866853,0.739514137042427,0.868991976795525,0.890080080205182,0.766729567402124,0.767355931277122,0.596485343868582,0.749006716457233,0.768050905009223,0.757460764849242,0.781371827711764,0.769096415221879,0.76164252929657,0.787175380516585,0.822022079999763,0.815600232419461,0.595688344891909,0.706662687186771,0.85426032987004,0.858727871011539,0.858681295617551,0.825687186546886,0.816125807134255,0.826196138393688,0.785041872599248,0.788107890698092,0.597389566951085,0.606424101788496,0.830021484492442,0.844456101548233,0.822907480402425,0.779378213934485,0.790799832090042,0.779699353283646,0.734888991551174,0.851468866955759,0.594636556101562,0.765630755062067,0.598464192230542,0.867857341387289,0.612230955431757,0.751089678035932,0.596262465056813,0.616701962978852,0.746313908445957,0.650834215152566
